42.6672 17.5271 9.60066 17.5271 10.8355 7.31059 9.60066 7.31059 5.69271 37.0615 15.3132 8.41477 15.3132 9.50303 6.42751 8.41477 6.42751 5.01191 0.990774 0.847008 0.665133 0.847008 0.795682 0.656778 0.665133 0.656778 0.562854 0.128915 0.128115 0.126313 0.128115 0.127262 0.125471 0.126313 0.125471 0.12395 0.130464 0.119082 0.119082 0.130464 0.127579 0.116995 0.116995 0.127579 0.112901 0.103535 0.103535 0.112901 
17.5271 34.7727 17.5271 10.8352 14.0321 10.8352 7.31059 8.00894 7.31059 15.3066 30.2089 15.3066 9.49612 12.2808 9.49612 6.42208 7.03553 6.42208 0.796728 0.945749 0.796728 0.745849 0.837539 0.745849 0.615756 0.674522 0.615756 0.127687 0.128336 0.127687 0.126813 0.127383 0.126813 0.125165 0.125574 0.125165 0.124254 0.124254 0.119452 0.131113 0.121815 0.121815 0.117338 0.128181 0.1078 0.1078 0.103838 0.113434 
9.60066 17.5271 42.6672 7.31059 10.8355 17.5271 5.69271 7.31059 9.60066 8.41477 15.3132 37.0615 6.42751 9.50303 15.3132 5.01191 6.42751 8.41477 0.665133 0.847008 0.990774 0.656778 0.795682 0.847008 0.562854 0.656778 0.665133 0.126313 0.128115 0.128915 0.125471 0.127262 0.128115 0.12395 0.125471 0.126313 0.119082 0.130464 0.119082 0.130464 0.116995 0.127579 0.116995 0.127579 0.103535 0.112901 0.103535 0.112901 
17.5271 10.8352 7.31059 34.7727 14.0321 8.00894 17.5271 10.8352 7.31059 15.3066 9.49612 6.42208 30.2089 12.2808 7.03553 15.3066 9.49612 6.42208 0.796728 0.745849 0.615756 0.945749 0.837539 0.674522 0.796728 0.745849 0.615756 0.127687 0.126813 0.125165 0.128336 0.127383 0.125574 0.127687 0.126813 0.125165 0.131113 0.119452 0.124254 0.124254 0.128181 0.117338 0.121815 0.121815 0.113434 0.103838 0.1078 0.1078 
10.8355 14.0321 10.8355 14.0321 28.781 14.0321 10.8355 14.0321 10.8355 9.49042 12.274 9.49042 12.274 25.009 12.274 9.49042 12.274 9.49042 0.700298 0.786334 0.700298 0.786334 0.920032 0.786334 0.700298 0.786334 0.700298 0.126487 0.126972 0.126487 0.126972 0.127528 0.126972 0.126487 0.126972 0.126487 0.124764 0.124764 0.124764 0.124764 0.122287 0.122287 0.122287 0.122287 0.108218 0.108218 0.108218 0.108218 
7.31059 10.8352 17.5271 8.00894 14.0321 34.7727 7.31059 10.8352 17.5271 6.42208 9.49612 15.3066 7.03553 12.2808 30.2089 6.42208 9.49612 15.3066 0.615756 0.745849 0.796728 0.674522 0.837539 0.945749 0.615756 0.745849 0.796728 0.125165 0.126813 0.127687 0.125574 0.127383 0.128336 0.125165 0.126813 0.127687 0.119452 0.131113 0.124254 0.124254 0.117338 0.128181 0.121815 0.121815 0.103838 0.113434 0.1078 0.1078 
9.60066 7.31059 5.69271 17.5271 10.8355 7.31059 42.6672 17.5271 9.60066 8.41477 6.42751 5.01191 15.3132 9.50303 6.42751 37.0615 15.3132 8.41477 0.665133 0.656778 0.562854 0.847008 0.795682 0.656778 0.990774 0.847008 0.665133 0.126313 0.125471 0.12395 0.128115 0.127262 0.125471 0.128915 0.128115 0.126313 0.130464 0.119082 0.130464 0.119082 0.127579 0.116995 0.127579 0.116995 0.112901 0.103535 0.112901 0.103535 
7.31059 8.00894 7.31059 10.8352 14.0321 10.8352 17.5271 34.7727 17.5271 6.42208 7.03553 6.42208 9.49612 12.2808 9.49612 15.3066 30.2089 15.3066 0.615756 0.674522 0.615756 0.745849 0.837539 0.745849 0.796728 0.945749 0.796728 0.125165 0.125574 0.125165 0.126813 0.127383 0.126813 0.127687 0.128336 0.127687 0.124254 0.124254 0.131113 0.119452 0.121815 0.121815 0.128181 0.117338 0.1078 0.1078 0.113434 0.103838 
5.69271 7.31059 9.60066 7.31059 10.8355 17.5271 9.60066 17.5271 42.6672 5.01191 6.42751 8.41477 6.42751 9.50303 15.3132 8.41477 15.3132 37.0615 0.562854 0.656778 0.665133 0.656778 0.795682 0.847008 0.665133 0.847008 0.990774 0.12395 0.125471 0.126313 0.125471 0.127262 0.128115 0.126313 0.128115 0.128915 0.119082 0.130464 0.130464 0.119082 0.116995 0.127579 0.127579 0.116995 0.103535 0.112901 0.112901 0.103535 
37.0615 15.3066 8.41477 15.3066 9.49042 6.42208 8.41477 6.42208 5.01191 46.2161 13.4031 7.38399 13.4031 8.33414 5.65394 7.38399 5.65394 4.41851 1.07243 0.847517 0.647834 0.847517 0.778068 0.634304 0.647834 0.634304 0.540592 0.129432 0.128343 0.126265 0.128343 0.127212 0.125167 0.126265 0.125167 0.123439 0.131634 0.117916 0.117916 0.131634 0.128665 0.115909 0.115909 0.128665 0.113862 0.102574 0.102574 0.113862 
15.3132 30.2089 15.3132 9.49612 12.274 9.49612 6.42751 7.03553 6.42751 13.4031 40.2506 13.4031 8.33336 10.7717 8.33336 5.65394 6.18919 5.65394 0.803878 1.02084 0.803878 0.734787 0.837796 0.734787 0.59871 0.658464 0.59871 0.127971 0.128715 0.127971 0.126788 0.127403 0.126788 0.124901 0.125324 0.124901 0.123929 0.123929 0.11849 0.132722 0.121517 0.121517 0.11644 0.129675 0.107537 0.107537 0.103044 0.114756 
8.41477 15.3066 37.0615 6.42208 9.49042 15.3066 5.01191 6.42208 8.41477 7.38399 13.4031 46.2161 5.65394 8.33414 13.4031 4.41851 5.65394 7.38399 0.647834 0.847517 1.07243 0.634304 0.778068 0.847517 0.540592 0.634304 0.647834 0.126265 0.128343 0.129432 0.125167 0.127212 0.128343 0.123439 0.125167 0.126265 0.117916 0.131634 0.117916 0.131634 0.115909 0.128665 0.115909 0.128665 0.102574 0.113862 0.102574 0.113862 
15.3132 9.49612 6.42751 30.2089 12.274 7.03553 15.3132 9.49612 6.42751 13.4031 8.33336 5.65394 40.2506 10.7717 6.18919 13.4031 8.33336 5.65394 0.803878 0.734787 0.59871 1.02084 0.837796 0.658464 0.803878 0.734787 0.59871 0.127971 0.126788 0.124901 0.128715 0.127403 0.125324 0.127971 0.126788 0.124901 0.132722 0.11849 0.123929 0.123929 0.129675 0.11644 0.121517 0.121517 0.114756 0.103044 0.107537 0.107537 
9.50303 12.2808 9.50303 12.2808 25.009 12.2808 9.50303 12.2808 9.50303 8.33414 10.7717 8.33414 10.7717 35.7212 10.7717 8.33414 10.7717 8.33414 0.695295 0.793355 0.695295 0.793355 0.989458 0.793355 0.695295 0.793355 0.695295 0.126538 0.127045 0.126538 0.127045 0.127651 0.127045 0.126538 0.127045 0.126538 0.12476 0.12476 0.12476 0.12476 0.122287 0.122287 0.122287 0.122287 0.108218 0.108218 0.108218 0.108218 
6.42751 9.49612 15.3132 7.03553 12.274 30.2089 6.42751 9.49612 15.3132 5.65394 8.33336 13.4031 6.18919 10.7717 40.2506 5.65394 8.33336 13.4031 0.59871 0.734787 0.803878 0.658464 0.837796 1.02084 0.59871 0.734787 0.803878 0.124901 0.126788 0.127971 0.125324 0.127403 0.128715 0.124901 0.126788 0.127971 0.11849 0.132722 0.123929 0.123929 0.11644 0.129675 0.121517 0.121517 0.103044 0.114756 0.107537 0.107537 
8.41477 6.42208 5.01191 15.3066 9.49042 6.42208 37.0615 15.3066 8.41477 7.38399 5.65394 4.41851 13.4031 8.33414 5.65394 46.2161 13.4031 7.38399 0.647834 0.634304 0.540592 0.847517 0.778068 0.634304 1.07243 0.847517 0.647834 0.126265 0.125167 0.123439 0.128343 0.127212 0.125167 0.129432 0.128343 0.126265 0.131634 0.117916 0.131634 0.117916 0.128665 0.115909 0.128665 0.115909 0.113862 0.102574 0.113862 0.102574 
6.42751 7.03553 6.42751 9.49612 12.274 9.49612 15.3132 30.2089 15.3132 5.65394 6.18919 5.65394 8.33336 10.7717 8.33336 13.4031 40.2506 13.4031 0.59871 0.658464 0.59871 0.734787 0.837796 0.734787 0.803878 1.02084 0.803878 0.124901 0.125324 0.124901 0.126788 0.127403 0.126788 0.127971 0.128715 0.127971 0.123929 0.123929 0.132722 0.11849 0.121517 0.121517 0.129675 0.11644 0.107537 0.107537 0.114756 0.103044 
5.01191 6.42208 8.41477 6.42208 9.49042 15.3066 8.41477 15.3066 37.0615 4.41851 5.65394 7.38399 5.65394 8.33414 13.4031 7.38399 13.4031 46.2161 0.540592 0.634304 0.647834 0.634304 0.778068 0.847517 0.647834 0.847517 1.07243 0.123439 0.125167 0.126265 0.125167 0.127212 0.128343 0.126265 0.128343 0.129432 0.117916 0.131634 0.131634 0.117916 0.115909 0.128665 0.128665 0.115909 0.102574 0.113862 0.113862 0.102574 
0.990774 0.796728 0.665133 0.796728 0.700298 0.615756 0.665133 0.615756 0.562854 1.07243 0.803878 0.647834 0.803878 0.695295 0.59871 0.647834 0.59871 0.540592 1.6077 0.850316 0.534493 0.850316 0.662575 0.487175 0.534493 0.487175 0.394915 0.132815 0.129832 0.125951 0.129832 0.12688 0.123175 0.125951 0.123175 0.120091 0.139294 0.110282 0.110282 0.139294 0.135776 0.108798 0.108798 0.135776 0.120155 0.0962815 0.0962815 0.120155 
0.847008 0.945749 0.847008 0.745849 0.786334 0.745849 0.656778 0.674522 0.656778 0.847517 1.02084 0.847517 0.734787 0.793355 0.734787 0.634304 0.658464 0.634304 0.850316 1.51376 0.850316 0.66229 0.839196 0.66229 0.487175 0.553355 0.487175 0.129828 0.131204 0.129828 0.126623 0.127533 0.126623 0.123173 0.123685 0.123173 0.121792 0.121792 0.112195 0.143267 0.119559 0.119559 0.110568 0.139462 0.105804 0.105804 0.0978473 0.123418 
0.665133 0.796728 0.990774 0.615756 0.700298 0.796728 0.562854 0.615756 0.665133 0.647834 0.803878 1.07243 0.59871 0.695295 0.803878 0.540592 0.59871 0.647834 0.534493 0.850316 1.6077 0.487175 0.662575 0.850316 0.394915 0.487175 0.534493 0.125951 0.129832 0.132815 0.123175 0.12688 0.129832 0.120091 0.123175 0.125951 0.110282 0.139294 0.110282 0.139294 0.108798 0.135776 0.108798 0.135776 0.0962815 0.120155 0.0962815 0.120155 
0.847008 0.745849 0.656778 0.945749 0.786334 0.674522 0.847008 0.745849 0.656778 0.847517 0.734787 0.634304 1.02084 0.793355 0.658464 0.847517 0.734787 0.634304 0.850316 0.66229 0.487175 1.51376 0.839196 0.553355 0.850316 0.66229 0.487175 0.129828 0.126623 0.123173 0.131204 0.127533 0.123685 0.129828 0.126623 0.123173 0.143267 0.112195 0.121792 0.121792 0.139462 0.110568 0.119559 0.119559 0.123418 0.0978473 0.105804 0.105804 
0.795682 0.837539 0.795682 0.837539 0.920032 0.837539 0.795682 0.837539 0.795682 0.778068 0.837796 0.778068 0.837796 0.989458 0.837796 0.778068 0.837796 0.778068 0.662575 0.839196 0.662575 0.839196 1.44583 0.839196 0.662575 0.839196 0.662575 0.126873 0.12753 0.126873 0.12753 0.128456 0.12753 0.126873 0.12753 0.126873 0.124733 0.124733 0.124733 0.124733 0.122287 0.122287 0.122287 0.122287 0.108218 0.108218 0.108218 0.108218 
0.656778 0.745849 0.847008 0.674522 0.786334 0.945749 0.656778 0.745849 0.847008 0.634304 0.734787 0.847517 0.658464 0.793355 1.02084 0.634304 0.734787 0.847517 0.487175 0.66229 0.850316 0.553355 0.839196 1.51376 0.487175 0.66229 0.850316 0.123173 0.126623 0.129828 0.123685 0.127533 0.131204 0.123173 0.126623 0.129828 0.112195 0.143267 0.121792 0.121792 0.110568 0.139462 0.119559 0.119559 0.0978473 0.123418 0.105804 0.105804 
0.665133 0.615756 0.562854 0.796728 0.700298 0.615756 0.990774 0.796728 0.665133 0.647834 0.59871 0.540592 0.803878 0.695295 0.59871 1.07243 0.803878 0.647834 0.534493 0.487175 0.394915 0.850316 0.662575 0.487175 1.6077 0.850316 0.534493 0.125951 0.123175 0.120091 0.129832 0.12688 0.123175 0.132815 0.129832 0.125951 0.139294 0.110282 0.139294 0.110282 0.135776 0.108798 0.135776 0.108798 0.120155 0.0962815 0.120155 0.0962815 
0.656778 0.674522 0.656778 0.745849 0.786334 0.745849 0.847008 0.945749 0.847008 0.634304 0.658464 0.634304 0.734787 0.793355 0.734787 0.847517 1.02084 0.847517 0.487175 0.553355 0.487175 0.66229 0.839196 0.66229 0.850316 1.51376 0.850316 0.123173 0.123685 0.123173 0.126623 0.127533 0.126623 0.129828 0.131204 0.129828 0.121792 0.121792 0.143267 0.112195 0.119559 0.119559 0.139462 0.110568 0.105804 0.105804 0.123418 0.0978473 
0.562854 0.615756 0.665133 0.615756 0.700298 0.796728 0.665133 0.796728 0.990774 0.540592 0.59871 0.647834 0.59871 0.695295 0.803878 0.647834 0.803878 1.07243 0.394915 0.487175 0.534493 0.487175 0.662575 0.850316 0.534493 0.850316 1.6077 0.120091 0.123175 0.125951 0.123175 0.12688 0.129832 0.125951 0.129832 0.132815 0.110282 0.139294 0.139294 0.110282 0.108798 0.135776 0.135776 0.108798 0.0962815 0.120155 0.120155 0.0962815 
0.128915 0.127687 0.126313 0.127687 0.126487 0.125165 0.126313 0.125165 0.12395 0.129432 0.127971 0.126265 0.127971 0.126538 0.124901 0.126265 0.124901 0.123439 0.132815 0.129828 0.125951 0.129828 0.126873 0.123173 0.125951 0.123173 0.120091 0.220331 0.172428 0.149898 0.172428 0.158395 0.144408 0.149898 0.144408 0.135984 0.135897 0.108701 0.108701 0.135897 0.135923 0.108643 0.108643 0.135923 0.120285 0.0961436 0.0961436 0.120285 
0.128115 0.128336 0.128115 0.126813 0.126972 0.126813 0.125471 0.125574 0.125471 0.128343 0.128715 0.128343 0.126788 0.127045 0.126788 0.125167 0.125324 0.125167 0.129832 0.131204 0.129832 0.126623 0.12753 0.126623 0.123175 0.123685 0.123175 0.172428 0.213166 0.172428 0.15814 0.169538 0.15814 0.144408 0.148827 0.144408 0.119558 0.119558 0.110474 0.13961 0.11953 0.11953 0.110422 0.139648 0.105778 0.105778 0.0977178 0.123582 
0.126313 0.127687 0.128915 0.125165 0.126487 0.127687 0.12395 0.125165 0.126313 0.126265 0.127971 0.129432 0.124901 0.126538 0.127971 0.123439 0.124901 0.126265 0.125951 0.129828 0.132815 0.123173 0.126873 0.129828 0.120091 0.123173 0.125951 0.149898 0.172428 0.220331 0.144408 0.158395 0.172428 0.135984 0.144408 0.149898 0.108701 0.135897 0.108701 0.135897 0.108643 0.135923 0.108643 0.135923 0.0961436 0.120285 0.0961436 0.120285 
0.128115 0.126813 0.125471 0.128336 0.126972 0.125574 0.128115 0.126813 0.125471 0.128343 0.126788 0.125167 0.128715 0.127045 0.125324 0.128343 0.126788 0.125167 0.129832 0.126623 0.123175 0.131204 0.12753 0.123685 0.129832 0.126623 0.123175 0.172428 0.15814 0.144408 0.213166 0.169538 0.148827 0.172428 0.15814 0.144408 0.13961 0.110474 0.119558 0.119558 0.139648 0.110422 0.11953 0.11953 0.123582 0.0977178 0.105778 0.105778 
0.127262 0.127383 0.127262 0.127383 0.127528 0.127383 0.127262 0.127383 0.127262 0.127212 0.127403 0.127212 0.127403 0.127651 0.127403 0.127212 0.127403 0.127212 0.12688 0.127533 0.12688 0.127533 0.128456 0.127533 0.12688 0.127533 0.12688 0.158395 0.169538 0.158395 0.169538 0.206464 0.169538 0.158395 0.169538 0.158395 0.122301 0.122301 0.122301 0.122301 0.122282 0.122282 0.122282 0.122282 0.108214 0.108214 0.108214 0.108214 
0.125471 0.126813 0.128115 0.125574 0.126972 0.128336 0.125471 0.126813 0.128115 0.125167 0.126788 0.128343 0.125324 0.127045 0.128715 0.125167 0.126788 0.128343 0.123175 0.126623 0.129832 0.123685 0.12753 0.131204 0.123175 0.126623 0.129832 0.144408 0.15814 0.172428 0.148827 0.169538 0.213166 0.144408 0.15814 0.172428 0.110474 0.13961 0.119558 0.119558 0.110422 0.139648 0.11953 0.11953 0.0977178 0.123582 0.105778 0.105778 
0.126313 0.125165 0.12395 0.127687 0.126487 0.125165 0.128915 0.127687 0.126313 0.126265 0.124901 0.123439 0.127971 0.126538 0.124901 0.129432 0.127971 0.126265 0.125951 0.123173 0.120091 0.129828 0.126873 0.123173 0.132815 0.129828 0.125951 0.149898 0.144408 0.135984 0.172428 0.158395 0.144408 0.220331 0.172428 0.149898 0.135897 0.108701 0.135897 0.108701 0.135923 0.108643 0.135923 0.108643 0.120285 0.0961436 0.120285 0.0961436 
0.125471 0.125574 0.125471 0.126813 0.126972 0.126813 0.128115 0.128336 0.128115 0.125167 0.125324 0.125167 0.126788 0.127045 0.126788 0.128343 0.128715 0.128343 0.123175 0.123685 0.123175 0.126623 0.12753 0.126623 0.129832 0.131204 0.129832 0.144408 0.148827 0.144408 0.15814 0.169538 0.15814 0.172428 0.213166 0.172428 0.119558 0.119558 0.13961 0.110474 0.11953 0.11953 0.139648 0.110422 0.105778 0.105778 0.123582 0.0977178 
0.12395 0.125165 0.126313 0.125165 0.126487 0.127687 0.126313 0.127687 0.128915 0.123439 0.124901 0.126265 0.124901 0.126538 0.127971 0.126265 0.127971 0.129432 0.120091 0.123173 0.125951 0.123173 0.126873 0.129828 0.125951 0.129828 0.132815 0.135984 0.144408 0.149898 0.144408 0.158395 0.172428 0.149898 0.172428 0.220331 0.108701 0.135897 0.135897 0.108701 0.108643 0.135923 0.135923 0.108643 0.0961436 0.120285 0.120285 0.0961436 
0.130464 0.124254 0.119082 0.131113 0.124764 0.119452 0.130464 0.124254 0.119082 0.131634 0.123929 0.117916 0.132722 0.12476 0.11849 0.131634 0.123929 0.117916 0.139294 0.121792 0.110282 0.143267 0.124733 0.112195 0.139294 0.121792 0.110282 0.135897 0.119558 0.108701 0.13961 0.122301 0.110474 0.135897 0.119558 0.108701 0.230827 0.0836248 0.0929056 0.0929056 0.22008 0.083513 0.092779 0.092779 0.194761 0.073905 0.082105 0.082105 
0.119082 0.124254 0.130464 0.119452 0.124764 0.131113 0.119082 0.124254 0.130464 0.117916 0.123929 0.131634 0.11849 0.12476 0.132722 0.117916 0.123929 0.131634 0.110282 0.121792 0.139294 0.112195 0.124733 0.143267 0.110282 0.121792 0.139294 0.108701 0.119558 0.135897 0.110474 0.122301 0.13961 0.108701 0.119558 0.135897 0.0836248 0.230827 0.0929056 0.0929056 0.083513 0.22008 0.092779 0.092779 0.073905 0.194761 0.082105 0.082105 
0.119082 0.119452 0.119082 0.124254 0.124764 0.124254 0.130464 0.131113 0.130464 0.117916 0.11849 0.117916 0.123929 0.12476 0.123929 0.131634 0.132722 0.131634 0.110282 0.112195 0.110282 0.121792 0.124733 0.121792 0.139294 0.143267 0.139294 0.108701 0.110474 0.108701 0.119558 0.122301 0.119558 0.135897 0.13961 0.135897 0.0929056 0.0929056 0.230827 0.0836248 0.092779 0.092779 0.22008 0.083513 0.082105 0.082105 0.194761 0.073905 
0.130464 0.131113 0.130464 0.124254 0.124764 0.124254 0.119082 0.119452 0.119082 0.131634 0.132722 0.131634 0.123929 0.12476 0.123929 0.117916 0.11849 0.117916 0.139294 0.143267 0.139294 0.121792 0.124733 0.121792 0.110282 0.112195 0.110282 0.135897 0.13961 0.135897 0.119558 0.122301 0.119558 0.108701 0.110474 0.108701 0.0929056 0.0929056 0.0836248 0.230827 0.092779 0.092779 0.083513 0.22008 0.082105 0.082105 0.073905 0.194761 
0.127579 0.121815 0.116995 0.128181 0.122287 0.117338 0.127579 0.121815 0.116995 0.128665 0.121517 0.115909 0.129675 0.122287 0.11644 0.128665 0.121517 0.115909 0.135776 0.119559 0.108798 0.139462 0.122287 0.110568 0.135776 0.119559 0.108798 0.135923 0.11953 0.108643 0.139648 0.122282 0.110422 0.135923 0.11953 0.108643 0.22008 0.083513 0.092779 0.092779 0.220421 0.0834069 0.0926617 0.0926617 0.195062 0.0738112 0.0820013 0.0820013 
0.116995 0.121815 0.127579 0.117338 0.122287 0.128181 0.116995 0.121815 0.127579 0.115909 0.121517 0.128665 0.11644 0.122287 0.129675 0.115909 0.121517 0.128665 0.108798 0.119559 0.135776 0.110568 0.122287 0.139462 0.108798 0.119559 0.135776 0.108643 0.11953 0.135923 0.110422 0.122282 0.139648 0.108643 0.11953 0.135923 0.083513 0.22008 0.092779 0.092779 0.0834069 0.220421 0.0926617 0.0926617 0.0738112 0.195062 0.0820013 0.0820013 
0.116995 0.117338 0.116995 0.121815 0.122287 0.121815 0.127579 0.128181 0.127579 0.115909 0.11644 0.115909 0.121517 0.122287 0.121517 0.128665 0.129675 0.128665 0.108798 0.110568 0.108798 0.119559 0.122287 0.119559 0.135776 0.139462 0.135776 0.108643 0.110422 0.108643 0.11953 0.122282 0.11953 0.135923 0.139648 0.135923 0.092779 0.092779 0.22008 0.083513 0.0926617 0.0926617 0.220421 0.0834069 0.0820013 0.0820013 0.195062 0.0738112 
0.127579 0.128181 0.127579 0.121815 0.122287 0.121815 0.116995 0.117338 0.116995 0.128665 0.129675 0.128665 0.121517 0.122287 0.121517 0.115909 0.11644 0.115909 0.135776 0.139462 0.135776 0.119559 0.122287 0.119559 0.108798 0.110568 0.108798 0.135923 0.139648 0.135923 0.11953 0.122282 0.11953 0.108643 0.110422 0.108643 0.092779 0.092779 0.083513 0.22008 0.0926617 0.0926617 0.0834069 0.220421 0.0820013 0.0820013 0.0738112 0.195062 
0.112901 0.1078 0.103535 0.113434 0.108218 0.103838 0.112901 0.1078 0.103535 0.113862 0.107537 0.102574 0.114756 0.108218 0.103044 0.113862 0.107537 0.102574 0.120155 0.105804 0.0962815 0.123418 0.108218 0.0978473 0.120155 0.105804 0.0962815 0.120285 0.105778 0.0961436 0.123582 0.108214 0.0977178 0.120285 0.105778 0.0961436 0.194761 0.073905 0.082105 0.082105 0.195062 0.0738112 0.0820013 0.0820013 0.24118 0.0653194 0.0725673 0.0725673 
0.103535 0.1078 0.112901 0.103838 0.108218 0.113434 0.103535 0.1078 0.112901 0.102574 0.107537 0.113862 0.103044 0.108218 0.114756 0.102574 0.107537 0.113862 0.0962815 0.105804 0.120155 0.0978473 0.108218 0.123418 0.0962815 0.105804 0.120155 0.0961436 0.105778 0.120285 0.0977178 0.108214 0.123582 0.0961436 0.105778 0.120285 0.073905 0.194761 0.082105 0.082105 0.0738112 0.195062 0.0820013 0.0820013 0.0653194 0.24118 0.0725673 0.0725673 
0.103535 0.103838 0.103535 0.1078 0.108218 0.1078 0.112901 0.113434 0.112901 0.102574 0.103044 0.102574 0.107537 0.108218 0.107537 0.113862 0.114756 0.113862 0.0962815 0.0978473 0.0962815 0.105804 0.108218 0.105804 0.120155 0.123418 0.120155 0.0961436 0.0977178 0.0961436 0.105778 0.108214 0.105778 0.120285 0.123582 0.120285 0.082105 0.082105 0.194761 0.073905 0.0820013 0.0820013 0.195062 0.0738112 0.0725673 0.0725673 0.24118 0.0653194 
0.112901 0.113434 0.112901 0.1078 0.108218 0.1078 0.103535 0.103838 0.103535 0.113862 0.114756 0.113862 0.107537 0.108218 0.107537 0.102574 0.103044 0.102574 0.120155 0.123418 0.120155 0.105804 0.108218 0.105804 0.0962815 0.0978473 0.0962815 0.120285 0.123582 0.120285 0.105778 0.108214 0.105778 0.0961436 0.0977178 0.0961436 0.082105 0.082105 0.073905 0.194761 0.0820013 0.0820013 0.0738112 0.195062 0.0725673 0.0725673 0.0653194 0.24118 
