0.195471 0.0999366 0.0400718 0.0999366 0.0519631 0.021194 0.0400718 0.021194 0.00880687 0.0534627 0.0247505 0.00883505 0.0247505 0.0118553 0.00436436 0.00883505 0.00436436 0.00165903 0.0470658 0.0309613 0.0156161 0.0309613 0.0211573 0.0110725 0.0156161 0.0110725 0.00601353 0.00216866 0.00134017 0.000605049 0.00134017 0.000851058 0.000396702 0.000605049 0.000396702 0.000192102 0.0329282 0.00603635 0.00603635 0.0329282 0.00137294 0.000184847 0.000184847 0.00137294 9.99153e-08 9.62804e-09 9.62804e-09 9.99153e-08 
0.0999366 0.135649 0.0999366 0.051963 0.0691939 0.051963 0.021194 0.0276979 0.021194 0.0247445 0.0375841 0.0247445 0.0118513 0.0172838 0.0118513 0.00436247 0.00614176 0.00436247 0.0295755 0.0376263 0.0295755 0.0202006 0.025142 0.0202006 0.0105742 0.0129089 0.0105742 0.00128857 0.00173619 0.00128857 0.000818259 0.00108143 0.000818259 0.000381481 0.000493415 0.000381481 0.0152602 0.0152602 0.00631465 0.0341254 0.000549983 0.000549983 0.000194028 0.0014259 3.40077e-08 3.40077e-08 1.01072e-08 1.03606e-07 
0.0400718 0.0999366 0.195471 0.021194 0.0519631 0.0999366 0.00880687 0.021194 0.0400718 0.00883505 0.0247505 0.0534627 0.00436436 0.0118553 0.0247505 0.00165903 0.00436436 0.00883505 0.0156161 0.0309613 0.0470658 0.0110725 0.0211573 0.0309613 0.00601353 0.0110725 0.0156161 0.000605049 0.00134017 0.00216866 0.000396702 0.000851058 0.00134017 0.000192102 0.000396702 0.000605049 0.00603635 0.0329282 0.00603635 0.0329282 0.000184847 0.00137294 0.000184847 0.00137294 9.62804e-09 9.99153e-08 9.62804e-09 9.99153e-08 
0.0999366 0.051963 0.021194 0.135649 0.0691939 0.0276979 0.0999366 0.051963 0.021194 0.0247445 0.0118513 0.00436247 0.0375841 0.0172838 0.00614176 0.0247445 0.0118513 0.00436247 0.0295755 0.0202006 0.0105742 0.0376263 0.025142 0.0129089 0.0295755 0.0202006 0.0105742 0.00128857 0.000818259 0.000381481 0.00173619 0.00108143 0.000493415 0.00128857 0.000818259 0.000381481 0.0341254 0.00631465 0.0152602 0.0152602 0.0014259 0.000194028 0.000549983 0.000549983 1.03606e-07 1.01072e-08 3.40077e-08 3.40077e-08 
0.0519631 0.0691939 0.0519631 0.0691939 0.0941858 0.0691939 0.0519631 0.0691939 0.0519631 0.0118476 0.017279 0.0118476 0.017279 0.0264721 0.017279 0.0118476 0.017279 0.0118476 0.019295 0.0240228 0.019295 0.0240228 0.0303514 0.0240228 0.019295 0.0240228 0.019295 0.000786999 0.00104037 0.000786999 0.00104037 0.0013957 0.00104037 0.000786999 0.00104037 0.000786999 0.0158953 0.0158953 0.0158953 0.0158953 0.000574621 0.000574621 0.000574621 0.000574621 3.55061e-08 3.55061e-08 3.55061e-08 3.55061e-08 
0.021194 0.051963 0.0999366 0.0276979 0.0691939 0.135649 0.021194 0.051963 0.0999366 0.00436247 0.0118513 0.0247445 0.00614176 0.0172838 0.0375841 0.00436247 0.0118513 0.0247445 0.0105742 0.0202006 0.0295755 0.0129089 0.025142 0.0376263 0.0105742 0.0202006 0.0295755 0.000381481 0.000818259 0.00128857 0.000493415 0.00108143 0.00173619 0.000381481 0.000818259 0.00128857 0.00631465 0.0341254 0.0152602 0.0152602 0.000194028 0.0014259 0.000549983 0.000549983 1.01072e-08 1.03606e-07 3.40077e-08 3.40077e-08 
0.0400718 0.021194 0.00880687 0.0999366 0.0519631 0.021194 0.195471 0.0999366 0.0400718 0.00883505 0.00436436 0.00165903 0.0247505 0.0118553 0.00436436 0.0534627 0.0247505 0.00883505 0.0156161 0.0110725 0.00601353 0.0309613 0.0211573 0.0110725 0.0470658 0.0309613 0.0156161 0.000605049 0.000396702 0.000192102 0.00134017 0.000851058 0.000396702 0.00216866 0.00134017 0.000605049 0.0329282 0.00603635 0.0329282 0.00603635 0.00137294 0.000184847 0.00137294 0.000184847 9.99153e-08 9.62804e-09 9.99153e-08 9.62804e-09 
0.021194 0.0276979 0.021194 0.051963 0.0691939 0.051963 0.0999366 0.135649 0.0999366 0.00436247 0.00614176 0.00436247 0.0118513 0.0172838 0.0118513 0.0247445 0.0375841 0.0247445 0.0105742 0.0129089 0.0105742 0.0202006 0.025142 0.0202006 0.0295755 0.0376263 0.0295755 0.000381481 0.000493415 0.000381481 0.000818259 0.00108143 0.000818259 0.00128857 0.00173619 0.00128857 0.0152602 0.0152602 0.0341254 0.00631465 0.000549983 0.000549983 0.0014259 0.000194028 3.40077e-08 3.40077e-08 1.03606e-07 1.01072e-08 
0.00880687 0.021194 0.0400718 0.021194 0.0519631 0.0999366 0.0400718 0.0999366 0.195471 0.00165903 0.00436436 0.00883505 0.00436436 0.0118553 0.0247505 0.00883505 0.0247505 0.0534627 0.00601353 0.0110725 0.0156161 0.0110725 0.0211573 0.0309613 0.0156161 0.0309613 0.0470658 0.000192102 0.000396702 0.000605049 0.000396702 0.000851058 0.00134017 0.000605049 0.00134017 0.00216866 0.00603635 0.0329282 0.0329282 0.00603635 0.000184847 0.00137294 0.00137294 0.000184847 9.62804e-09 9.99153e-08 9.99153e-08 9.62804e-09 
0.175424 0.0811928 0.02899 0.0811928 0.038875 0.0143144 0.02899 0.0143144 0.00544369 0.0486411 0.0198278 0.00624687 0.0198278 0.00866747 0.00287813 0.00624687 0.00287813 0.00100769 0.0560645 0.0378854 0.0201808 0.0378854 0.0271243 0.0151995 0.0201808 0.0151995 0.00892461 0.00400808 0.00247928 0.00113446 0.00247928 0.00159451 0.000762681 0.00113446 0.000762681 0.000383969 0.0661216 0.0106494 0.0106494 0.0661216 0.00364984 0.000407055 0.000407055 0.00364984 3.28876e-07 2.47208e-08 2.47208e-08 3.28876e-07 
0.0812126 0.123323 0.0812126 0.0388871 0.0566966 0.0388871 0.0143206 0.0201527 0.0143206 0.0198278 0.0351302 0.0198278 0.00866735 0.0140852 0.00866735 0.00287813 0.00440092 0.00287813 0.0369645 0.0473995 0.0369645 0.0265267 0.0328011 0.0265267 0.0149102 0.0179324 0.0149102 0.0024486 0.0033553 0.0024486 0.0015761 0.00209802 0.0015761 0.000754698 0.000974082 0.000754698 0.0275939 0.0275939 0.0115304 0.0701309 0.00127247 0.00127247 0.0004412 0.00386647 9.35591e-08 9.35591e-08 2.67322e-08 3.46541e-07 
0.02899 0.0811928 0.175424 0.0143144 0.038875 0.0811928 0.00544369 0.0143144 0.02899 0.00624687 0.0198278 0.0486411 0.00287813 0.00866747 0.0198278 0.00100769 0.00287813 0.00624687 0.0201808 0.0378854 0.0560645 0.0151995 0.0271243 0.0378854 0.00892461 0.0151995 0.0201808 0.00113446 0.00247928 0.00400808 0.000762681 0.00159451 0.00247928 0.000383969 0.000762681 0.00113446 0.0106494 0.0661216 0.0106494 0.0661216 0.000407055 0.00364984 0.000407055 0.00364984 2.47208e-08 3.28876e-07 2.47208e-08 3.28876e-07 
0.0812126 0.0388871 0.0143206 0.123323 0.0566966 0.0201527 0.0812126 0.0388871 0.0143206 0.0198278 0.00866735 0.00287813 0.0351302 0.0140852 0.00440092 0.0198278 0.00866735 0.00287813 0.0369645 0.0265267 0.0149102 0.0473995 0.0328011 0.0179324 0.0369645 0.0265267 0.0149102 0.0024486 0.0015761 0.000754698 0.0033553 0.00209802 0.000974082 0.0024486 0.0015761 0.000754698 0.0701309 0.0115304 0.0275939 0.0275939 0.00386647 0.0004412 0.00127247 0.00127247 3.46541e-07 2.67322e-08 9.35591e-08 9.35591e-08 
0.0389 0.0567124 0.0389 0.0567124 0.0868615 0.0567124 0.0389 0.0567124 0.0389 0.00866747 0.0140852 0.00866747 0.0140852 0.0255056 0.0140852 0.00866747 0.0140852 0.00866747 0.0259584 0.0320674 0.0259584 0.0320674 0.040628 0.0320674 0.0259584 0.0320674 0.0259584 0.00155848 0.00207376 0.00155848 0.00207376 0.00282205 0.00207376 0.00155848 0.00207376 0.00155848 0.0296543 0.0296543 0.0296543 0.0296543 0.00136807 0.00136807 0.00136807 0.00136807 1.00211e-07 1.00211e-07 1.00211e-07 1.00211e-07 
0.0143206 0.0388871 0.0812126 0.0201527 0.0566966 0.123323 0.0143206 0.0388871 0.0812126 0.00287813 0.00866735 0.0198278 0.00440092 0.0140852 0.0351302 0.00287813 0.00866735 0.0198278 0.0149102 0.0265267 0.0369645 0.0179324 0.0328011 0.0473995 0.0149102 0.0265267 0.0369645 0.000754698 0.0015761 0.0024486 0.000974082 0.00209802 0.0033553 0.000754698 0.0015761 0.0024486 0.0115304 0.0701309 0.0275939 0.0275939 0.0004412 0.00386647 0.00127247 0.00127247 2.67322e-08 3.46541e-07 9.35591e-08 9.35591e-08 
0.02899 0.0143144 0.00544369 0.0811928 0.038875 0.0143144 0.175424 0.0811928 0.02899 0.00624687 0.00287813 0.00100769 0.0198278 0.00866747 0.00287813 0.0486411 0.0198278 0.00624687 0.0201808 0.0151995 0.00892461 0.0378854 0.0271243 0.0151995 0.0560645 0.0378854 0.0201808 0.00113446 0.000762681 0.000383969 0.00247928 0.00159451 0.000762681 0.00400808 0.00247928 0.00113446 0.0661216 0.0106494 0.0661216 0.0106494 0.00364984 0.000407055 0.00364984 0.000407055 3.28876e-07 2.47208e-08 3.28876e-07 2.47208e-08 
0.0143206 0.0201527 0.0143206 0.0388871 0.0566966 0.0388871 0.0812126 0.123323 0.0812126 0.00287813 0.00440092 0.00287813 0.00866735 0.0140852 0.00866735 0.0198278 0.0351302 0.0198278 0.0149102 0.0179324 0.0149102 0.0265267 0.0328011 0.0265267 0.0369645 0.0473995 0.0369645 0.000754698 0.000974082 0.000754698 0.0015761 0.00209802 0.0015761 0.0024486 0.0033553 0.0024486 0.0275939 0.0275939 0.0701309 0.0115304 0.00127247 0.00127247 0.00386647 0.0004412 9.35591e-08 9.35591e-08 3.46541e-07 2.67322e-08 
0.00544369 0.0143144 0.02899 0.0143144 0.038875 0.0811928 0.02899 0.0811928 0.175424 0.00100769 0.00287813 0.00624687 0.00287813 0.00866747 0.0198278 0.00624687 0.0198278 0.0486411 0.00892461 0.0151995 0.0201808 0.0151995 0.0271243 0.0378854 0.0201808 0.0378854 0.0560645 0.000383969 0.000762681 0.00113446 0.000762681 0.00159451 0.00247928 0.00113446 0.00247928 0.00400808 0.0106494 0.0661216 0.0661216 0.0106494 0.000407055 0.00364984 0.00364984 0.000407055 2.47208e-08 3.28876e-07 3.28876e-07 2.47208e-08 
0.00348021 0.00218692 0.00115471 0.00218692 0.00142674 0.000781893 0.00115471 0.000781893 0.000444663 0.00126342 0.000833002 0.000454777 0.000833002 0.000584979 0.000336004 0.000454777 0.000336004 0.000201118 0.0641006 0.0574644 0.0404941 0.0574644 0.0515493 0.0363436 0.0404941 0.0363436 0.0256339 0.0106629 0.00744279 0.00389899 0.00744279 0.00532141 0.00287315 0.00389899 0.00287315 0.00160933 0.207329 0.0383051 0.0383051 0.207329 0.0150845 0.00187545 0.00187545 0.0150845 1.63269e-06 1.34524e-07 1.34524e-07 1.63269e-06 
0.00228939 0.00278223 0.00228939 0.00149371 0.00177634 0.00149371 0.000818738 0.000954531 0.000818738 0.000853755 0.00106816 0.000853755 0.000597786 0.000722646 0.000597786 0.000342523 0.00040411 0.000342523 0.0574644 0.0647589 0.0574644 0.0515491 0.0580781 0.0515491 0.0363436 0.040939 0.0363436 0.00744273 0.00940524 0.00744273 0.00532137 0.00662899 0.00532137 0.00287313 0.00351753 0.00287313 0.0901062 0.0901062 0.0421722 0.222746 0.00544464 0.00544464 0.00205551 0.0161042 4.78449e-07 4.78449e-07 1.46695e-07 1.72946e-06 
0.00115471 0.00218692 0.00348021 0.000781893 0.00142674 0.00218692 0.000444663 0.000781893 0.00115471 0.000454777 0.000833002 0.00126342 0.000336004 0.000584979 0.000833002 0.000201118 0.000336004 0.000454777 0.0404941 0.0574644 0.0641006 0.0363436 0.0515493 0.0574644 0.0256339 0.0363436 0.0404941 0.00389899 0.00744279 0.0106629 0.00287315 0.00532141 0.00744279 0.00160933 0.00287315 0.00389899 0.0383051 0.207329 0.0383051 0.207329 0.00187545 0.0150845 0.00187545 0.0150845 1.34524e-07 1.63269e-06 1.34524e-07 1.63269e-06 
0.00228939 0.00149371 0.000818738 0.00278223 0.00177634 0.000954531 0.00228939 0.00149371 0.000818738 0.000853755 0.000597786 0.000342523 0.00106816 0.000722646 0.00040411 0.000853755 0.000597786 0.000342523 0.0574644 0.0515491 0.0363436 0.0647589 0.0580781 0.040939 0.0574644 0.0515491 0.0363436 0.00744273 0.00532137 0.00287313 0.00940524 0.00662899 0.00351753 0.00744273 0.00532137 0.00287313 0.222746 0.0421722 0.0901062 0.0901062 0.0161042 0.00205551 0.00544464 0.00544464 1.72946e-06 1.46695e-07 4.78449e-07 4.78449e-07 
0.00156445 0.00185909 0.00156445 0.00185909 0.00224429 0.00185909 0.00156445 0.00185909 0.00156445 0.000611252 0.00073918 0.000611252 0.00073918 0.00091556 0.00073918 0.000611252 0.00073918 0.000611252 0.0515493 0.0580781 0.0515493 0.0580781 0.0654413 0.0580781 0.0515493 0.0580781 0.0515493 0.00532134 0.00662894 0.00532134 0.00662894 0.00832993 0.00662894 0.00532134 0.00662894 0.00532134 0.0984972 0.0984972 0.0984972 0.0984972 0.00591751 0.00591751 0.00591751 0.00591751 5.16505e-07 5.16505e-07 5.16505e-07 5.16505e-07 
0.000818738 0.00149371 0.00228939 0.000954531 0.00177634 0.00278223 0.000818738 0.00149371 0.00228939 0.000342523 0.000597786 0.000853755 0.00040411 0.000722646 0.00106816 0.000342523 0.000597786 0.000853755 0.0363436 0.0515491 0.0574644 0.040939 0.0580781 0.0647589 0.0363436 0.0515491 0.0574644 0.00287313 0.00532137 0.00744273 0.00351753 0.00662899 0.00940524 0.00287313 0.00532137 0.00744273 0.0421722 0.222746 0.0901062 0.0901062 0.00205551 0.0161042 0.00544464 0.00544464 1.46695e-07 1.72946e-06 4.78449e-07 4.78449e-07 
0.00115471 0.000781893 0.000444663 0.00218692 0.00142674 0.000781893 0.00348021 0.00218692 0.00115471 0.000454777 0.000336004 0.000201118 0.000833002 0.000584979 0.000336004 0.00126342 0.000833002 0.000454777 0.0404941 0.0363436 0.0256339 0.0574644 0.0515493 0.0363436 0.0641006 0.0574644 0.0404941 0.00389899 0.00287315 0.00160933 0.00744279 0.00532141 0.00287315 0.0106629 0.00744279 0.00389899 0.207329 0.0383051 0.207329 0.0383051 0.0150845 0.00187545 0.0150845 0.00187545 1.63269e-06 1.34524e-07 1.63269e-06 1.34524e-07 
0.000818738 0.000954531 0.000818738 0.00149371 0.00177634 0.00149371 0.00228939 0.00278223 0.00228939 0.000342523 0.00040411 0.000342523 0.000597786 0.000722646 0.000597786 0.000853755 0.00106816 0.000853755 0.0363436 0.040939 0.0363436 0.0515491 0.0580781 0.0515491 0.0574644 0.0647589 0.0574644 0.00287313 0.00351753 0.00287313 0.00532137 0.00662899 0.00532137 0.00744273 0.00940524 0.00744273 0.0901062 0.0901062 0.222746 0.0421722 0.00544464 0.00544464 0.0161042 0.00205551 4.78449e-07 4.78449e-07 1.72946e-06 1.46695e-07 
0.000444663 0.000781893 0.00115471 0.000781893 0.00142674 0.00218692 0.00115471 0.00218692 0.00348021 0.000201118 0.000336004 0.000454777 0.000336004 0.000584979 0.000833002 0.000454777 0.000833002 0.00126342 0.0256339 0.0363436 0.0404941 0.0363436 0.0515493 0.0574644 0.0404941 0.0574644 0.0641006 0.00160933 0.00287315 0.00389899 0.00287315 0.00532141 0.00744279 0.00389899 0.00744279 0.0106629 0.0383051 0.207329 0.207329 0.0383051 0.00187545 0.0150845 0.0150845 0.00187545 1.34524e-07 1.63269e-06 1.63269e-06 1.34524e-07 
8.96564e-06 5.32718e-06 2.50138e-06 5.32718e-06 3.2536e-06 1.57711e-06 2.50138e-06 1.57711e-06 7.94184e-07 5.04995e-06 3.08509e-06 1.42935e-06 3.08509e-06 1.9636e-06 9.50875e-07 1.42935e-06 9.50875e-07 4.83778e-07 0.000596164 0.000416123 0.000217992 0.000416123 0.000297516 0.000160636 0.000217992 0.000160636 8.99776e-05 0.245382 0.12812 0.0439684 0.12812 0.066895 0.022957 0.0439684 0.022957 0.00787873 0.000846044 0.000105197 0.000105197 0.000846044 0.135515 0.00706126 0.00706126 0.135515 2.15138e-05 5.78678e-07 5.78678e-07 2.15138e-05 
5.5405e-06 7.17773e-06 5.5405e-06 3.38283e-06 4.30108e-06 3.38283e-06 1.64004e-06 2.03987e-06 1.64004e-06 3.12375e-06 4.22748e-06 3.12375e-06 1.9858e-06 2.61282e-06 1.9858e-06 9.60933e-07 1.22729e-06 9.60933e-07 0.000416126 0.000525846 0.000416126 0.000297517 0.000370624 0.000297517 0.000160637 0.000196665 0.000160637 0.12812 0.200595 0.12812 0.0668949 0.104735 0.0668949 0.022957 0.0359419 0.022957 0.000305472 0.000305472 0.000115296 0.000903259 0.0338201 0.0338201 0.00762155 0.142934 3.74653e-06 3.74653e-06 6.18779e-07 2.24035e-05 
2.50138e-06 5.32718e-06 8.96564e-06 1.57711e-06 3.2536e-06 5.32718e-06 7.94184e-07 1.57711e-06 2.50138e-06 1.42935e-06 3.08509e-06 5.04995e-06 9.50875e-07 1.9636e-06 3.08509e-06 4.83778e-07 9.50875e-07 1.42935e-06 0.000217992 0.000416123 0.000596164 0.000160636 0.000297516 0.000416123 8.99776e-05 0.000160636 0.000217992 0.0439684 0.12812 0.245382 0.022957 0.066895 0.12812 0.00787873 0.022957 0.0439684 0.000105197 0.000846044 0.000105197 0.000846044 0.00706126 0.135515 0.00706126 0.135515 5.78678e-07 2.15138e-05 5.78678e-07 2.15138e-05 
5.5405e-06 3.38283e-06 1.64004e-06 7.17773e-06 4.30108e-06 2.03987e-06 5.5405e-06 3.38283e-06 1.64004e-06 3.12375e-06 1.9858e-06 9.60933e-07 4.22748e-06 2.61282e-06 1.22729e-06 3.12375e-06 1.9858e-06 9.60933e-07 0.000416126 0.000297517 0.000160637 0.000525846 0.000370624 0.000196665 0.000416126 0.000297517 0.000160637 0.12812 0.0668949 0.022957 0.200595 0.104735 0.0359419 0.12812 0.0668949 0.022957 0.000903259 0.000115296 0.000305472 0.000305472 0.142934 0.00762155 0.0338201 0.0338201 2.24035e-05 6.18779e-07 3.74653e-06 3.74653e-06 
3.51843e-06 4.47084e-06 3.51843e-06 4.47084e-06 5.77006e-06 4.47084e-06 3.51843e-06 4.47084e-06 3.51843e-06 2.00899e-06 2.64339e-06 2.00899e-06 2.64339e-06 3.55562e-06 2.64339e-06 2.00899e-06 2.64339e-06 2.00899e-06 0.00029752 0.000370626 0.00029752 0.000370626 0.000465725 0.000370626 0.00029752 0.000370626 0.00029752 0.066895 0.104735 0.066895 0.104735 0.163981 0.104735 0.066895 0.104735 0.066895 0.000332004 0.000332004 0.000332004 0.000332004 0.0362314 0.0362314 0.0362314 0.0362314 3.96785e-06 3.96785e-06 3.96785e-06 3.96785e-06 
1.64004e-06 3.38283e-06 5.5405e-06 2.03987e-06 4.30108e-06 7.17773e-06 1.64004e-06 3.38283e-06 5.5405e-06 9.60933e-07 1.9858e-06 3.12375e-06 1.22729e-06 2.61282e-06 4.22748e-06 9.60933e-07 1.9858e-06 3.12375e-06 0.000160637 0.000297517 0.000416126 0.000196665 0.000370624 0.000525846 0.000160637 0.000297517 0.000416126 0.022957 0.0668949 0.12812 0.0359419 0.104735 0.200595 0.022957 0.0668949 0.12812 0.000115296 0.000903259 0.000305472 0.000305472 0.00762155 0.142934 0.0338201 0.0338201 6.18779e-07 2.24035e-05 3.74653e-06 3.74653e-06 
2.50138e-06 1.57711e-06 7.94184e-07 5.32718e-06 3.2536e-06 1.57711e-06 8.96564e-06 5.32718e-06 2.50138e-06 1.42935e-06 9.50875e-07 4.83778e-07 3.08509e-06 1.9636e-06 9.50875e-07 5.04995e-06 3.08509e-06 1.42935e-06 0.000217992 0.000160636 8.99776e-05 0.000416123 0.000297516 0.000160636 0.000596164 0.000416123 0.000217992 0.0439684 0.022957 0.00787873 0.12812 0.066895 0.022957 0.245382 0.12812 0.0439684 0.000846044 0.000105197 0.000846044 0.000105197 0.135515 0.00706126 0.135515 0.00706126 2.15138e-05 5.78678e-07 2.15138e-05 5.78678e-07 
1.64004e-06 2.03987e-06 1.64004e-06 3.38283e-06 4.30108e-06 3.38283e-06 5.5405e-06 7.17773e-06 5.5405e-06 9.60933e-07 1.22729e-06 9.60933e-07 1.9858e-06 2.61282e-06 1.9858e-06 3.12375e-06 4.22748e-06 3.12375e-06 0.000160637 0.000196665 0.000160637 0.000297517 0.000370624 0.000297517 0.000416126 0.000525846 0.000416126 0.022957 0.0359419 0.022957 0.0668949 0.104735 0.0668949 0.12812 0.200595 0.12812 0.000305472 0.000305472 0.000903259 0.000115296 0.0338201 0.0338201 0.142934 0.00762155 3.74653e-06 3.74653e-06 2.24035e-05 6.18779e-07 
7.94184e-07 1.57711e-06 2.50138e-06 1.57711e-06 3.2536e-06 5.32718e-06 2.50138e-06 5.32718e-06 8.96564e-06 4.83778e-07 9.50875e-07 1.42935e-06 9.50875e-07 1.9636e-06 3.08509e-06 1.42935e-06 3.08509e-06 5.04995e-06 8.99776e-05 0.000160636 0.000217992 0.000160636 0.000297516 0.000416123 0.000217992 0.000416123 0.000596164 0.00787873 0.022957 0.0439684 0.022957 0.066895 0.12812 0.0439684 0.12812 0.245382 0.000105197 0.000846044 0.000846044 0.000105197 0.00706126 0.135515 0.135515 0.00706126 5.78678e-07 2.15138e-05 2.15138e-05 5.78678e-07 
5.14572e-07 2.38473e-07 9.43305e-08 5.3328e-07 2.48397e-07 9.86796e-08 5.14572e-07 2.38473e-07 9.43305e-08 3.14906e-07 1.31417e-07 5.07184e-08 3.34001e-07 1.4123e-07 5.49141e-08 3.14906e-07 1.31417e-07 5.07184e-08 4.38164e-05 1.90428e-05 8.0953e-06 4.70746e-05 2.08162e-05 8.91256e-06 4.38164e-05 1.90428e-05 8.0953e-06 3.19802e-06 1.15467e-06 3.97641e-07 3.41429e-06 1.25496e-06 4.35817e-07 3.19802e-06 1.15467e-06 3.97641e-07 0.918805 4.98273e-06 2.19408e-05 2.19408e-05 0.0808941 1.75828e-07 1.03419e-06 1.03419e-06 1.13745e-05 9.72752e-12 7.53806e-11 7.53806e-11 
9.43305e-08 2.38473e-07 5.14572e-07 9.86796e-08 2.48397e-07 5.3328e-07 9.43305e-08 2.38473e-07 5.14572e-07 5.07184e-08 1.31417e-07 3.14906e-07 5.49141e-08 1.4123e-07 3.34001e-07 5.07184e-08 1.31417e-07 3.14906e-07 8.0953e-06 1.90428e-05 4.38164e-05 8.91256e-06 2.08162e-05 4.70746e-05 8.0953e-06 1.90428e-05 4.38164e-05 3.97641e-07 1.15467e-06 3.19802e-06 4.35817e-07 1.25496e-06 3.41429e-06 3.97641e-07 1.15467e-06 3.19802e-06 4.98273e-06 0.918805 2.19408e-05 2.19408e-05 1.75828e-07 0.0808941 1.03419e-06 1.03419e-06 9.72744e-12 1.13745e-05 7.53805e-11 7.53805e-11 
9.43305e-08 9.86796e-08 9.43305e-08 2.38473e-07 2.48397e-07 2.38473e-07 5.14572e-07 5.3328e-07 5.14572e-07 5.07184e-08 5.49141e-08 5.07184e-08 1.31417e-07 1.4123e-07 1.31417e-07 3.14906e-07 3.34001e-07 3.14906e-07 8.0953e-06 8.91256e-06 8.0953e-06 1.90428e-05 2.08162e-05 1.90428e-05 4.38164e-05 4.70746e-05 4.38164e-05 3.97641e-07 4.35817e-07 3.97641e-07 1.15467e-06 1.25496e-06 1.15467e-06 3.19802e-06 3.41429e-06 3.19802e-06 2.19408e-05 2.19408e-05 0.918805 4.98273e-06 1.03419e-06 1.03419e-06 0.0808941 1.75828e-07 7.53802e-11 7.53803e-11 1.13745e-05 9.72722e-12 
5.14572e-07 5.3328e-07 5.14572e-07 2.38473e-07 2.48397e-07 2.38473e-07 9.43305e-08 9.86796e-08 9.43305e-08 3.14906e-07 3.34001e-07 3.14906e-07 1.31417e-07 1.4123e-07 1.31417e-07 5.07184e-08 5.49141e-08 5.07184e-08 4.38164e-05 4.70746e-05 4.38164e-05 1.90428e-05 2.08162e-05 1.90428e-05 8.0953e-06 8.91256e-06 8.0953e-06 3.19802e-06 3.41429e-06 3.19802e-06 1.15467e-06 1.25496e-06 1.15467e-06 3.97641e-07 4.35817e-07 3.97641e-07 2.19408e-05 2.19408e-05 4.98273e-06 0.918805 1.03419e-06 1.03419e-06 1.75828e-07 0.0808941 7.53804e-11 7.53803e-11 9.72777e-12 1.13745e-05 
1.19955e-09 4.80524e-10 1.61502e-10 1.24582e-09 5.02052e-10 1.69524e-10 1.19955e-09 4.80524e-10 1.61502e-10 9.71854e-10 3.38825e-10 1.08388e-10 1.02954e-09 3.64279e-10 1.1748e-10 9.71855e-10 3.38825e-10 1.08388e-10 1.78237e-07 6.43331e-08 2.216e-08 1.90285e-07 6.99206e-08 2.42876e-08 1.78237e-07 6.43331e-08 2.216e-08 2.86394e-05 7.14745e-06 1.49231e-06 3.02074e-05 7.65706e-06 1.61072e-06 2.86394e-05 7.14745e-06 1.49231e-06 0.00452278 9.83051e-09 5.78215e-08 5.78215e-08 0.995046 2.85665e-07 4.15217e-06 4.15217e-06 0.00027636 1.76348e-11 3.94738e-10 3.94737e-10 
1.61502e-10 4.80524e-10 1.19955e-09 1.69524e-10 5.02052e-10 1.24582e-09 1.61502e-10 4.80524e-10 1.19955e-09 1.08388e-10 3.38824e-10 9.71854e-10 1.1748e-10 3.64279e-10 1.02954e-09 1.08388e-10 3.38824e-10 9.71854e-10 2.216e-08 6.43331e-08 1.78237e-07 2.42876e-08 6.99206e-08 1.90285e-07 2.216e-08 6.43331e-08 1.78237e-07 1.49231e-06 7.14745e-06 2.86394e-05 1.61072e-06 7.65706e-06 3.02074e-05 1.49231e-06 7.14745e-06 2.86394e-05 9.83051e-09 0.00452278 5.78215e-08 5.78215e-08 2.85665e-07 0.995046 4.15217e-06 4.15217e-06 1.76351e-11 0.00027636 3.94737e-10 3.94737e-10 
1.61502e-10 1.69524e-10 1.61502e-10 4.80524e-10 5.02052e-10 4.80525e-10 1.19955e-09 1.24582e-09 1.19955e-09 1.08388e-10 1.1748e-10 1.08388e-10 3.38824e-10 3.64279e-10 3.38824e-10 9.71855e-10 1.02954e-09 9.71854e-10 2.216e-08 2.42876e-08 2.216e-08 6.43331e-08 6.99206e-08 6.43331e-08 1.78237e-07 1.90285e-07 1.78237e-07 1.49231e-06 1.61072e-06 1.49231e-06 7.14745e-06 7.65706e-06 7.14745e-06 2.86394e-05 3.02074e-05 2.86394e-05 5.78215e-08 5.78215e-08 0.00452278 9.83051e-09 4.15217e-06 4.15217e-06 0.995046 2.85665e-07 3.94738e-10 3.94738e-10 0.00027636 1.76351e-11 
1.19955e-09 1.24582e-09 1.19955e-09 4.80524e-10 5.02052e-10 4.80524e-10 1.61502e-10 1.69524e-10 1.61502e-10 9.71854e-10 1.02954e-09 9.71854e-10 3.38824e-10 3.64279e-10 3.38824e-10 1.08388e-10 1.1748e-10 1.08388e-10 1.78237e-07 1.90285e-07 1.78237e-07 6.43331e-08 6.99206e-08 6.43331e-08 2.216e-08 2.42876e-08 2.216e-08 2.86394e-05 3.02074e-05 2.86394e-05 7.14745e-06 7.65706e-06 7.14745e-06 1.49231e-06 1.61072e-06 1.49231e-06 5.78215e-08 5.78215e-08 9.83051e-09 0.00452278 4.15217e-06 4.15217e-06 2.85665e-07 0.995046 3.94738e-10 3.94738e-10 1.76349e-11 0.00027636 
2.90851e-14 9.7599e-15 2.7299e-15 3.02991e-14 1.03357e-14 2.94382e-15 2.91579e-14 9.89791e-15 2.8027e-15 2.91764e-14 8.27488e-15 2.16296e-15 3.07688e-14 8.89025e-15 2.38167e-15 2.92065e-14 8.29004e-15 2.19312e-15 6.42751e-12 1.88363e-12 5.29492e-13 6.80835e-12 2.03335e-12 5.77416e-13 6.4276e-12 1.88362e-12 5.29586e-13 1.51484e-09 2.63802e-10 4.07463e-11 1.57748e-09 2.79386e-10 4.35697e-11 1.51484e-09 2.63802e-10 4.07461e-11 2.11882e-07 1.81313e-13 1.40411e-12 1.40411e-12 9.20763e-05 5.87536e-12 1.31517e-10 1.31516e-10 0.999876 2.22045e-16 9.35363e-15 9.15934e-15 
2.8027e-15 9.82296e-15 2.90355e-14 3.01878e-15 1.03357e-14 3.01286e-14 2.85237e-15 9.93033e-15 2.90851e-14 2.19312e-15 8.25173e-15 2.91622e-14 2.41998e-15 8.89025e-15 3.0754e-14 2.20727e-15 8.28966e-15 2.91764e-14 5.29586e-13 1.88368e-12 6.42748e-12 5.77359e-13 2.03335e-12 6.80838e-12 5.29617e-13 1.8836e-12 6.42751e-12 4.07461e-11 2.63802e-10 1.51484e-09 4.35697e-11 2.79386e-10 1.57748e-09 4.07462e-11 2.63802e-10 1.51484e-09 1.81346e-13 2.11882e-07 1.40408e-12 1.40399e-12 5.87527e-12 9.20763e-05 1.31516e-10 1.31516e-10 5.55112e-16 0.999876 9.29812e-15 9.4369e-15 
2.8027e-15 2.78616e-15 2.73498e-15 1.00556e-14 1.03357e-14 9.88176e-15 2.91528e-14 3.01772e-14 2.90851e-14 2.19312e-15 2.27367e-15 2.16116e-15 8.39803e-15 8.89025e-15 8.33329e-15 2.92083e-14 3.07104e-14 2.91764e-14 5.29586e-13 5.77638e-13 5.2955e-13 1.8834e-12 2.03335e-12 1.88349e-12 6.42754e-12 6.80849e-12 6.42751e-12 4.07461e-11 4.35696e-11 4.0746e-11 2.63802e-10 2.79386e-10 2.63802e-10 1.51484e-09 1.57748e-09 1.51484e-09 1.4042e-12 1.40407e-12 2.11882e-07 1.81068e-13 1.31516e-10 1.31517e-10 9.20763e-05 5.87525e-12 9.24261e-15 9.21485e-15 0.999876 3.88578e-16 
2.90851e-14 2.99212e-14 2.90472e-14 1.01378e-14 1.03357e-14 9.94307e-15 2.84062e-15 2.89866e-15 2.8027e-15 2.91764e-14 3.06649e-14 2.91512e-14 8.37876e-15 8.89025e-15 8.32761e-15 2.21823e-15 2.3441e-15 2.19312e-15 6.42751e-12 6.80854e-12 6.42747e-12 1.88344e-12 2.03335e-12 1.88346e-12 5.29621e-13 5.77577e-13 5.29586e-13 1.51484e-09 1.57748e-09 1.51484e-09 2.63802e-10 2.79386e-10 2.63802e-10 4.0746e-11 4.35697e-11 4.07461e-11 1.40426e-12 1.4041e-12 1.81183e-13 2.11882e-07 1.31516e-10 1.31516e-10 5.87549e-12 9.20763e-05 9.40914e-15 9.49241e-15 2.22045e-16 0.999876 
