Power: 0.100617 0.115207 0.137641 0.134782 0.149107 0.120714 0.123035 0.117536 0.127248 
Tsteady: 333.409051 333.963698 334.506053 334.274066 334.586029 334.318860 334.133507 334.148877 334.273782 
Temperatures: 324.010777 324.472256 324.949073 324.792226 325.040862 324.741043 324.629366 324.603226 324.711656 
Power: 0.063929 0.059565 0.271518 0.288399 0.291021 0.061614 0.277639 0.286643 0.061358 
Tsteady: 338.297367 338.750716 341.999424 344.926955 343.603260 338.768531 346.862657 344.864458 338.205278 
Temperatures: 328.241259 328.862394 332.296613 334.084596 333.218702 328.953091 335.384120 334.077340 328.291668 
Power: 0.063511 0.060527 0.281163 0.288926 0.296640 0.060874 0.280491 0.286987 0.210258 
Tsteady: 339.331213 340.134558 343.923850 346.234064 345.524583 341.636630 348.542530 347.687876 344.740859 
Temperatures: 332.075928 332.771787 336.453635 338.664770 337.800466 333.740916 340.663346 339.583236 336.363948 
Power: 0.063451 0.060733 0.282655 0.302047 0.298139 0.060759 0.282734 0.287331 0.274817 
Tsteady: 339.983548 340.819913 344.735791 347.237518 346.497311 342.938370 349.518865 349.044747 347.648597 
Temperatures: 334.804446 335.550984 339.378607 341.880298 341.008987 337.310861 344.002080 343.341177 341.735779 
Power: 0.063511 0.058314 0.282670 0.280322 0.298552 0.057713 0.280015 0.286588 0.282687 
Tsteady: 339.558541 340.506213 344.541522 346.440274 346.173866 342.748748 349.049820 348.827781 347.720340 
Temperatures: 336.458706 337.322365 341.288487 343.291112 342.923272 339.413493 345.840360 345.506405 344.300821 
Power: 0.063451 0.060081 0.282664 0.290385 0.304775 0.060874 0.281457 0.286478 0.282696 
Tsteady: 339.866922 340.806846 344.775569 346.945044 346.576796 343.054707 349.388730 349.093676 347.941585 
Temperatures: 337.628485 338.556531 342.522895 344.679484 344.300267 340.776136 347.117152 346.810272 345.654013 
Power: 0.063540 0.060393 0.295449 0.290423 0.292519 0.060094 0.284190 0.285436 0.282712 
Tsteady: 339.879786 340.875077 345.189286 346.903264 346.372688 343.092983 349.425311 349.022225 347.929562 
Temperatures: 338.395554 339.363956 343.642004 345.427759 344.882792 341.580103 347.953191 347.545477 346.441515 
Power: 0.063496 0.060392 0.271110 0.290448 0.298129 0.056896 0.278963 0.058601 0.297405 
Tsteady: 338.057260 338.744523 342.608312 344.336538 343.145015 340.395305 345.266472 341.166560 344.301528 
Temperatures: 338.658808 339.417929 343.294343 345.293022 344.177842 341.371453 346.653483 342.647602 345.642529 
Power: 0.063486 0.058522 0.282741 0.291350 0.298135 0.058092 0.281999 0.058092 0.272605 
Tsteady: 338.044567 338.742790 342.874768 344.308536 343.031322 340.209722 345.226019 340.860172 343.389169 
Temperatures: 338.489167 339.200123 343.332914 344.880491 343.639230 340.845596 345.930398 341.626401 344.213773 
Power: 0.063433 0.058797 0.281193 0.069007 0.296598 0.058098 0.278453 0.058098 0.278130 
Tsteady: 334.116089 336.308198 341.203942 336.524581 339.875277 338.454077 341.206922 338.454934 341.935809 
Temperatures: 336.653955 338.399855 342.912441 339.218451 342.072576 340.229730 343.820680 340.612856 343.699619 
Power: 0.063500 0.060885 0.281206 0.215874 0.296673 0.058092 0.280512 0.058092 0.281310 
Tsteady: 336.768383 338.012747 342.358312 341.715695 342.025035 339.725211 343.916083 340.156157 343.181277 
Temperatures: 336.543272 337.972267 342.460296 341.424414 341.947503 339.809011 343.698086 340.121532 343.284484 
Power: 0.063447 0.058782 0.282724 0.285348 0.298570 0.058088 0.281241 0.058098 0.282714 
Tsteady: 337.997071 338.760283 342.931793 344.168569 343.064003 340.341566 345.191749 340.966974 343.775591 
Temperatures: 337.111358 338.054294 342.380155 343.237862 342.328366 339.772593 344.295592 340.250988 343.215607 
Power: 0.063513 0.060341 0.283583 0.289938 0.302292 0.058082 0.281442 0.058092 0.282720 
Tsteady: 338.158143 338.934092 343.071346 344.408218 343.269528 340.464294 345.337943 341.091545 343.871490 
Temperatures: 337.496707 338.321740 342.509595 343.743747 342.656315 339.903579 344.680945 340.485678 343.317441 
Power: 0.063465 0.060126 0.294255 0.290443 0.294972 0.058088 0.283941 0.058098 0.282732 
Tsteady: 338.208472 339.034031 343.461297 344.441910 343.205392 340.568719 345.433085 341.114520 343.921154 
Temperatures: 337.700782 338.518890 342.928708 343.942951 342.709532 340.067024 344.937158 340.630083 343.441232 
Power: 0.063506 0.060448 0.271349 0.290440 0.298135 0.058082 0.280467 0.058092 0.294586 
Tsteady: 338.064188 338.749955 342.618116 344.348579 343.143774 340.397481 345.305095 341.140899 344.210305 
Temperatures: 337.787613 338.509645 342.426728 344.041193 342.846600 340.117500 344.972360 340.793580 343.849810 
Power: 0.063485 0.058706 0.282753 0.290823 0.298127 0.058084 0.279829 0.058098 0.275510 
Tsteady: 338.034252 338.748913 342.890006 344.275382 343.034342 340.242418 345.153460 340.868906 343.489737 
Temperatures: 337.816188 338.531064 342.668276 344.079364 342.854818 340.081158 344.982380 340.731574 343.394110 
Power: 0.063526 0.061435 0.282639 0.304707 0.298230 0.058078 0.281662 0.058092 0.279634 
Tsteady: 338.368171 339.037824 343.085859 344.851220 343.333990 340.468327 345.535279 341.146247 343.804791 
Temperatures: 337.958723 338.655195 342.728075 344.439083 342.953005 340.113843 345.133089 340.773430 343.455551 
Power: 0.063465 0.058622 0.282600 0.277821 0.299049 0.058084 0.281004 0.058098 0.282740 
Tsteady: 337.864988 338.676454 342.872840 343.907273 342.966443 340.282789 345.053439 340.886339 343.722239 
Temperatures: 337.832525 338.593643 342.744926 343.881641 342.881999 340.147184 345.008253 340.784616 343.570257 
Power: 0.063526 0.058812 0.282739 0.289893 0.297477 0.058078 0.281316 0.058092 0.282683 
Tsteady: 338.069389 338.797057 342.954992 344.314066 343.098037 340.363387 345.263383 341.002278 343.796906 
Temperatures: 337.833264 338.573008 342.738686 344.070629 342.869202 340.143884 345.022903 340.773991 343.576356 
